v=S-7rRLrxnVQ__#1_label_B4-0-0 0.000 63.208 82.083 126.583
v=u5SF4SlqNDQ__#00-00-00_00-01-00_label_G-0-0 26.000 38.000 39.583 60.042
v=u5SF4SlqNDQ__#00-02-39_00-03-41_label_G-0-0 3.208 59.583
v=cEOM18n8fhU__#1_label_G-0-0 88.875 114.583
v=NnmqkS1e88s__#1_label_B4-0-0 0.000 72.917
v=vaSOMEIe1Bg__#1_label_G-0-0 12.500 57.500
v=ZnFlL84K7HE__#00-27-53_00-34-45_label_B4-0-0 0.000 396.792
v=wVey5JDRf_g__#00-00-00_00-01-20_label_B6-0-0 2.125 8.750 11.375 17.083 22.667 30.000 34.500 40.417 47.292 52.917 58.875 62.500 67.417 71.250 75.917 80.000
v=wVey5JDRf_g__#00-01-30_00-02-41_label_B6-0-0 5.917 12.333 18.625 21.167 25.250 29.583 33.333 36.250 41.667 49.375 58.917 64.583 68.125 70.833
v=wVey5JDRf_g__#00-04-09_00-05-06_label_B6-0-0 3.542 8.333 14.667 18.250 22.792 28.750 32.375 34.708 38.250 39.667 43.958 48.750 54.750 56.875
v=m8EkFsaGPzU__#1_label_B4-0-0 0.000 140.833 188.458 237.500
v=5BBoVfKOyeM__#00-08-19_00-10-10_label_B6-0-0 44.458 50.000 68.750 72.250
v=BQjKQbYgUBA__#1_label_B1-0-0 26.458 27.792 30.542 31.625 38.833 42.500 51.417 54.042 82.375 98.875 133.125 142.583
v=bfOlheR5nUQ__#00-00-00_00-04-33_label_B4-0-0 0.000 273.042
v=bfOlheR5nUQ__#00-04-33_00-06-02_label_B4-0-0 0.000 88.958
v=YKtw6uLEGps__#1_label_B4-0-0 33.625 88.250
v=7xQr5wYwNPg__#1_label_B4-0-0 0.000 16.792 25.000 42.000
v=-fOWSLV6Esw__#1_label_B4-0-0 0.833 32.167
v=b0MUjeKAGZw__#1_label_B4-0-0 0.000 116.250
Bad.Boys.1995__#01-11-55_01-12-40_label_G-B2-B6 6.542 7.500 7.708 10.167 10.417 15.000 24.250 33.750
Bad.Boys.1995__#01-33-51_01-34-37_label_B2-0-0 2.375 27.917 30.333 33.333
Bad.Boys.II.2003__#00-06-42_00-10-00_label_B2-G-0 108.750 111.250 115.000 127.500 131.958 179.583
v=DD3jfKr8e-k__#00-00-00_00-01-40_label_B4-0-0 0.000 100.000
v=2jwO15SMyuo__#1_label_B4-0-0 0.000 98.917
v=jYENhkzdpO8__#00-00-00_00-01-31_label_B6-0-0 10.208 13.958 49.458 52.167 76.500 83.333
v=1djrJ0wxlYo__#1_label_B4-0-0 0.000 31.583 36.667 63.875
v=7zEFHKKBA0g__#1_label_B4-0-0 49.667 66.667 84.625 112.083
v=hxyhulJYz5I__#00-06-09_00-07-00_label_B6-0-0 1.042 2.917 10.667 15.000 21.667 26.667 28.333 35.625 38.625 41.667 47.500 50.833
v=bhZs3ALdL7Y__#1_label_G-0-0 0.000 2.917
Black.Hawk.Down.2001__#01-13-59_01-14-49_label_B2-0-0 7.833 49.583
Black.Hawk.Down.2001__#01-32-40_01-34-00_label_B4-0-0 0.000 11.208 21.583 36.750 45.417 49.167 50.833 79.958
Black.Hawk.Down.2001__#01-42-58_01-43-58_label_G-0-0 16.917 21.042
Black.Hawk.Down.2001__#02-00-12_02-01-29_label_B2-0-0 0.417 77.000
v=8tqeeBGjnPg__#00-03-12_00-04-15_label_B6-0-0 6.667 12.500 28.750 40.833 45.833 52.917
v=6nfo9c7a5pE__#1_label_B1-0-0 0.000 6.250 12.292 29.167
v=rJz4NXm6vis__#1_label_B4-0-0 0.000 50.417 56.292 74.875
Braveheart.1995__#00-56-30_00-57-20_label_B1-0-0 0.000 15.000
Braveheart.1995__#01-26-50_01-32-30_label_B1-0-0 42.125 313.125
Braveheart.1995__#02-05-34_02-06-40_label_B1-0-0 10.667 65.833
Braveheart.1995__#02-07-00_02-08-15_label_B1-0-0 18.750 25.000 42.792 54.167
v=zI0q5UDP47g__#1_label_B4-0-0 2.750 148.333
Brick.Mansions.2014__#00-11-57_00-12-12_label_B2-0-0 12.833 14.083
Brick.Mansions.2014__#00-16-26_00-17-12_label_B1-0-0 1.250 45.833
Brick.Mansions.2014__#00-41-25_00-42-36_label_B1-0-0 21.792 25.417 37.500 70.833
Brick.Mansions.2014__#01-02-00_01-02-43_label_B2-0-0 11.667 22.917
v=73uRcX0Dvfc__#00-00-00_00-01-51_label_B6-G-0 7.375 9.042 18.750 22.500 39.917 52.500 62.792 69.583 85.542 90.833 102.500 107.875
v=Ia9ATKNeUbY__#00-01-52_00-03-10_label_B6-0-0 3.750 6.042 19.583 23.750 47.083 50.000 62.208 69.167
v=Ia9ATKNeUbY__#00-04-19_00-05-11_label_B6-0-0 1.125 5.542 11.417 21.250 47.375 48.750
v=Ia9ATKNeUbY__#00-05-19_00-06-09_label_B6-0-0 5.000 7.500 33.333 35.625 46.333 49.375
v=Ia9ATKNeUbY__#00-06-19_00-06-50_label_B6-0-0 10.250 12.083 17.792 21.958 28.625 31.000
Bullet.in.the.Head.1990__#00-17-20_00-18-55_label_B1-0-0 5.750 11.667 22.750 79.792
Bullet.in.the.Head.1990__#00-41-30_00-44-16_label_B4-G-0 16.167 142.708 151.083 152.833
Bullet.in.the.Head.1990__#01-26-30_01-27-34_label_B2-0-0 28.958 34.167
Bullet.in.the.Head.1990__#01-45-21_01-46-20_label_B2-0-0 16.667 20.917
Bullet.in.the.Head.1990__#02-02-00_02-05-22_label_B2-B6-G 0.000 1.458 8.458 35.833 41.875 61.042 88.750 99.167 119.167 135.417 147.542 181.083
v=EOAfl8yMiN8__#00-00-00_00-00-51_label_B6-0-0 4.958 6.250 13.750 15.833 21.458 24.792 29.500 31.667 39.167 50.000
v=EOAfl8yMiN8__#00-03-00_00-04-09_label_B6-0-0 10.208 13.542 19.583 21.667 29.833 35.417 40.000 43.083 48.542 50.000 57.083 60.583 67.250 68.833
v=kVl-6-A9ZO4__#00-08-01_00-09-35_label_B6-0-0 2.708 5.833 17.833 20.833 28.875 33.333 41.083 46.542 64.583 70.833 84.917 92.417
v=iHuggczItBk__#00-01-00_00-02-45_label_B6-0-0 2.917 5.833 25.000 29.167 45.000 50.958 60.792 61.417 72.917 81.250 94.042 96.458 103.083 105.000
v=iHuggczItBk__#00-03-00_00-03-55_label_B6-0-0 7.500 10.000 18.750 23.125 36.667 40.000 50.000 54.167
v=iHuggczItBk__#00-04-00_00-04-55_label_B6-0-0 2.333 7.208 16.042 18.125 32.500 34.583
v=0qtIjyt-7wg__#00-00-00_00-00-51_label_B6-0-0 8.542 11.250 22.375 25.417 42.833 46.458
v=0qtIjyt-7wg__#00-01-00_00-02-45_label_B6-0-0 11.000 14.167 31.667 37.500 55.708 59.583 67.167 69.000 75.250 80.833 99.583 103.333
v=0qtIjyt-7wg__#00-04-00_00-05-15_label_B6-0-0 1.042 2.292 11.042 13.125
v=vhACO_m5pH0__#00-09-42_00-10-40_label_B6-0-0 9.917 13.083 19.792 21.667 37.958 40.000 45.167 50.333
v=vhACO_m5pH0__#00-10-42_00-11-40_label_B6-0-0 2.000 2.292 12.625 14.750 37.083 42.667
v=vhACO_m5pH0__#00-14-42_00-15-40_label_B6-0-0 0.833 5.833 19.167 20.833 30.625 34.167 40.417 44.583 51.042 52.750
v=vhACO_m5pH0__#00-17-42_00-18-40_label_B6-0-0 0.000 1.875 6.167 9.083 18.333 20.250 26.667 29.583 35.833 37.500 42.083 44.167 52.000 54.167
v=vhACO_m5pH0__#00-20-42_00-22-40_label_B6-0-0 1.250 5.417 12.500 15.833 26.042 28.333 34.583 38.333 42.292 45.208 56.083 57.000 66.500 68.417 75.833 77.875 84.167 87.500 94.083 97.708 105.417 106.667 111.250 114.542
v=tT-SrQC6Ddw__#00-04-00_00-05-15_label_B6-0-0 7.708 9.417 51.542 55.000 61.875 68.333
v=ZoS8gm5OcOM__#00-06-20_00-07-30_label_B6-0-0 15.167 26.125 61.000 70.000
v=ZoS8gm5OcOM__#00-07-50_00-08-55_label_B6-0-0 11.125 13.333 33.125 35.417 48.167 60.583
v=D1eP4Bn4hDQ__#00-09-20_00-10-45_label_B6-0-0 13.292 15.625 43.750 46.042 57.917 60.208
v=BFPkt0AuSFA__#1_label_B4-0-0 1.167 139.583
v=251___mEwZA__#1_label_B1-0-0 7.625 56.625 60.542 103.625 156.208 189.167
Casino.Royale.2006__#00-18-30_00-19-20_label_G-B2-0 10.875 24.167
Casino.Royale.2006__#00-50-05_00-51-16_label_B1-B2-B6 1.792 7.500 15.958 26.042 29.250 34.583 35.833 41.917 44.417 45.667 63.625 68.083
Casino.Royale.2006__#00-51-16_00-52-41_label_B1-B6-0 1.542 16.667 40.708 58.333 66.250 73.000
Casino.Royale.2006__#01-17-29_01-17-46_label_B1-0-0 9.000 14.583
Casino.Royale.2006__#01-46-40_01-47-14_label_B6-0-0 8.208 25.000
v=ROrpKx3aIjA__#1_label_G-0-0 29.708 34.583
v=Hnfy9XhlIPM__#1_label_B4-0-0 2.750 192.500
v=J_ZsNd97wXw__#1_label_G-0-0 2.500 27.500 42.708 45.417
v=zQbnQBCTSiA__#1_label_B1-0-0 27.625 63.750 84.167 106.375 138.292 154.583 173.208 186.583 191.542 205.417
City.of.God.2002__#00-37-20_00-38-02_label_B5-0-0 22.083 31.250
City.of.God.2002__#00-40-16_00-41-30_label_B2-0-0 19.167 20.417 35.750 37.917 47.583 55.417
City.of.God.2002__#01-52-20_01-54-32_label_B2-0-0 1.000 2.250 24.375 25.458 120.500 131.958
City.Of.Men.2007__#00-51-50_00-53-31_label_B2-0-0 10.583 22.500 63.292 64.375
City.Of.Men.2007__#00-57-37_00-58-27_label_B2-0-0 9.083 11.667 36.792 38.333
City.Of.Men.2007__#01-17-27_01-17-59_label_B2-0-0 8.208 16.417
City.Of.Men.2007__#01-35-30_01-36-00_label_B2-0-0 5.625 11.042
v=qrKfaX1lCUM__#1_label_G-0-0 10.292 11.667 66.708 69.000 70.167 72.333 80.333 87.750 96.792 98.125 101.167 102.958 110.208 119.792 233.333 235.208 242.167 250.000
v=ZkUciDD55kA__#00-00-00_00-00-30_label_G-0-0 5.167 25.708
Crank.Dircut.2006__#0-27-42_0-29-01_label_B1-0-0 14.458 18.542 23.333 59.458 78.583 78.917
v=OOjjPGN8jSU__#1_label_B6-0-0 36.833 37.958 41.417 42.917 45.125 45.917 51.458 52.750 57.292 61.792 70.000 72.708 76.250 78.750 86.250 93.750 96.667 105.000 106.542 110.417 116.583 126.250 132.292 136.042 150.917 152.917 163.958 166.625 170.375 172.917 184.792 188.125 191.250 195.292
v=uQY15O3LKI0__#1_label_B6-0-0 12.375 14.000 25.000 31.250 33.792 38.000 44.500 50.333 55.000 56.250 59.375 61.250 66.375 68.333 72.583 77.500 81.208 84.167 89.167 97.917 106.250 112.500 119.458 124.167 128.042 130.000 135.625 139.583 145.375 146.917 150.958 154.167 158.500 165.208
Deadpool.2.2018__#0-04-46_0-05-01_label_B2-0-0 4.708 7.917 10.250 12.500
Deadpool.2.2018__#0-50-30_0-51-20_label_B1-0-0 9.167 13.333 22.833 26.250 34.875 46.875
Deadpool.2.2018__#01-03-09_01-03-54_label_B4-0-0 16.250 25.333
Deadpool.2016__#0-18-58_0-19-20_label_B1-0-0 3.333 5.417 12.083 21.250
Death.Proof.2007__#00-45-05_00-47-36_label_B5-0-0 52.833 66.667 142.417 143.750
Death.Proof.2007__#01-40-41_01-42-17_label_B5-B6-0 66.917 69.417 73.333 86.250
v=MqrNCb2N5to__#1_label_B1-0-0 10.292 17.708 62.292 69.417 77.167 81.250 92.458 102.083
Desperado.1995__#00-16-48_00-18-52_label_B1-0-0 1.667 4.583 6.667 8.333 32.750 33.542 39.417 84.583 91.250 96.250
Desperado.1995__#00-38-36_00-39-21_label_B1-B2-0 13.542 14.583 15.875 20.750 22.125 23.750 24.167 29.167
Desperado.1995__#01-14-11_01-17-28_label_B2-G-0 34.917 54.167 110.000 120.833 123.208 125.625 137.917 139.167 156.667 178.750 186.583 191.667
v=PWBZiM-rkoE__#1_label_G-0-0 85.417 95.833 104.125 106.250
v=CLFYvG6MsZU__#00-02-16_00-05-06_label_B2-0-0 25.000 44.167 65.708 84.583 109.833 130.833
v=3xWiBCIxjIk__#1_label_B4-0-0 5.083 154.167
v=yrpZJ8Vr3aA__#1_label_B1-0-0 5.000 52.917 90.833 98.000
Election.2005__#00-47-57_00-50-54_label_B5-0-0 7.083 20.000 50.792 67.500 85.958 89.583
v=abATVcjFumY__#1_label_G-0-0 5.958 18.750 65.000 76.250
v=d5lTTPvJLpw__#1_label_B4-0-0 7.833 15.333 21.167 33.750 38.333 245.000
v=J67oj92maC0__#1_label_G-0-0 12.208 30.833 33.583 50.000 56.083 68.750 70.750 86.917 92.208 117.917 135.833 165.000 169.083 194.583
Fast.Five.2011__#00-01-41_00-01-57_label_B6-0-0 2.917 12.917
Fast.Five.2011__#00-32-05_00-32-24_label_B1-B2-0 4.333 6.458 8.083 15.000
Fast.Five.2011__#00-32-56_00-33-26_label_B2-0-0 6.458 12.500 18.750 28.583
Fast.Five.2011__#01-29-27_01-32-05_label_B1-0-0 4.583 122.250
Fast.Furious.6.2013__#00-45-40_00-47-13_label_B2-0-0 6.667 12.292 17.708 24.167 29.167 37.083 41.042 43.250 49.167 53.333 84.583 91.250
Fast.Furious.6.2013__#01-03-25_01-04-59_label_B1-0-0 19.167 61.250 64.583 88.333
Fast.Furious.6.2013__#01-38-33_01-39-20_label_B1-0-0 5.833 7.083 15.250 20.417
Fast.Furious.2009__#00-21-06_00-21-57_label_B6-B2-0 7.083 24.958 48.750 49.750
Fast.Furious.2009__#00-25-59_00-26-25_label_B1-0-0 10.000 25.917
Fast.Furious.2009__#00-42-10_00-42-41_label_B6-0-0 1.458 30.292
Fast.Furious.2009__#01-18-00_01-19-00_label_B2-B6-0 28.792 44.917 47.708 55.125
Fast.Furious.2009__#01-29-10_01-29-55_label_B2-0-0 36.542 44.083
v=O9g1uuI62m0__#1_label_B4-0-0 0.000 185.833
v=wG-2t0M8CPc__#1_label_B1-0-0 32.542 52.292 55.208 70.833
v=wPkBaI6vOv0__#00-00-00_00-01-00_label_G-0-0 1.042 10.417 19.500 22.083 25.750 35.833 56.250 59.792
v=pFamvR9CpYw__#00-00-00_00-06-36_label_B4-0-0 5.625 54.167 76.250 107.500 130.000 134.167 153.333 293.750 321.667 395.833
v=pFamvR9CpYw__#00-06-36_00-15-20_label_B4-0-0 0.000 82.708 102.083 265.000 310.833 483.333 508.333 523.958
v=y1z12D5bx7c__#1_label_B4-0-0 0.000 201.958
v=pHZ9gOfmY_k__#1_label_B4-0-0 0.000 215.708
v=gbRIKogNZvE__#1_label_B4-0-0 0.000 124.500
v=T-LH8Gv5zzY__#1_label_B4-0-0 0.000 101.042
v=CoxsDkB-rWU__#00-07-06_00-10-30_label_B4-0-0 0.000 204.000
v=TfS-MJoVNjM__#1_label_B4-0-0 0.000 54.542
Fury.2014__#00-07-30_00-07-58_label_G-0-0 5.208 7.500 17.375 20.417
Fury.2014__#00-39-36_00-40-44_label_B1-B2-0 3.250 59.333 64.583 65.625
Mission.Impossible.V.Rogue.Nation.2015__#01-54-23_01-55-10_label_B2-0-0 30.125 41.333
v=5Ftl4nOSytc__#1_label_G-0-0 6.917 12.083
v=38GQ9L2meyE__#1_label_B6-0-0 1.083 3.333 8.750 12.000 15.708 16.500 18.750 21.542 24.875 26.167 27.083 35.417 37.292 40.542 46.083 51.083 55.417 58.333 62.083 69.792 71.375 75.833 78.750 82.500 84.375 87.500 90.708 95.417 98.958 102.083 107.458 110.625 110.708 126.875 128.792 132.083 135.792 144.792 148.792 169.167 172.625 178.667 181.833 185.417
v=GqMh_HBNWZE__#00-01-00_00-02-45_label_B6-0-0 1.833 6.167 7.500 9.167 16.375 20.833 33.750 39.167 55.208 61.042 65.917 67.250 77.375 79.875 94.125 96.167 103.333 105.000
v=RUjrMYWhLng__#1_label_B6-0-0 13.750 109.167 146.917 156.667 161.458 184.167 195.625 272.500 281.583 300.833 351.667 379.625 386.667 431.250
v=UK--hvgP2uY__#1_label_G-0-0 96.250 108.125
v=Z12t5h2mBJc__#1_label_B1-0-0 0.917 32.500 45.375 53.125 60.083 71.250 105.625 122.917 123.958 150.000 165.208 179.167 187.000 194.333
New.Kids.Turbo.2010__#00-22-35_00-23-14_label_B1-0-0 3.917 5.583 27.917 30.875
New.Kids.Turbo.2010__#00-50-13_00-50-34_label_B1-0-0 14.333 17.500
v=gsz_P8t-KM4__#1_label_B4-0-0 0.000 403.958
v=oipd63DGadU__#1_label_B1-0-0 3.042 31.667 41.250 43.333
v=xbPWQKZspfU__#1_label_B1-0-0 14.833 50.000 112.875 147.667 163.625 199.250
v=afhttnv46Y4__#1_label_B1-0-0 12.667 35.833 59.792 84.167
v=0yHBkMBE8r4__#1_label_B1-0-0 20.750 30.000 135.833 148.750
v=Q8K7roZu3WU__#1_label_B1-0-0 0.000 53.917
v=gENp4SyNxkI__#1_label_B1-0-0 0.000 52.083
v=sE-DC2trBkI__#00-01-00_00-02-45_label_B6-0-0 9.375 13.417 26.667 31.667 41.292 48.333 60.417 64.583 75.625 78.458 91.875 93.542
v=sE-DC2trBkI__#00-03-00_00-04-09_label_B6-0-0 10.750 17.083 29.167 33.417 39.250 50.625 59.792 64.167
v=sE-DC2trBkI__#00-09-00_00-10-05_label_B6-0-0 8.167 14.167 20.625 25.208 36.667 42.625 47.708 51.250 59.708 62.208
v=15wDrZJQpsw__#00-00-00_00-00-51_label_B6-0-0 18.083 23.417 31.208 36.083
v=15wDrZJQpsw__#00-05-20_00-06-20_label_B6-0-0 3.958 9.708 19.375 21.500 35.500 38.500 55.417 60.042
v=15wDrZJQpsw__#00-09-00_00-10-55_label_B6-0-0 5.417 27.083 42.917 47.500 67.708 70.208 78.125 97.083 107.500 109.167
v=HSisjzLESak__#00-00-00_00-00-51_label_B6-0-0 24.083 29.167 36.000 40.000 48.042 51.000
v=HSisjzLESak__#00-01-00_00-02-45_label_B6-0-0 0.000 5.083 26.667 37.500 48.458 55.417 68.042 70.042
v=HSisjzLESak__#00-07-40_00-08-50_label_B6-0-0 13.417 21.750 55.833 64.375
v=X4I8FhpGJwo__#00-07-40_00-08-50_label_B6-0-0 10.750 12.500 23.000 24.917 47.917 54.125
v=X4I8FhpGJwo__#00-09-00_00-10-45_label_B6-0-0 4.375 6.875 22.917 26.375 53.042 60.000 68.333 70.833 84.042 85.417 98.417 102.083
v=waIS8TaJxts__#00-00-00_00-00-51_label_B6-0-0 20.417 26.042 41.250 44.792 46.375 50.833
v=waIS8TaJxts__#00-01-30_00-02-45_label_B6-0-0 7.875 10.625 47.708 75.000
v=waIS8TaJxts__#00-05-50_00-06-20_label_B6-0-0 11.875 22.333
v=waIS8TaJxts__#00-07-40_00-08-50_label_B6-0-0 13.708 15.625 30.167 38.333 53.167 60.833
v=waIS8TaJxts__#00-09-00_00-10-45_label_B6-0-0 10.708 22.500 45.083 51.875 61.167 75.208 95.958 103.750
v=H5W58Loofks__#00-05-50_00-06-20_label_B6-0-0 0.000 3.750 21.708 30.000
v=TOEVc-pOEwM__#00-08-40_00-10-40_label_B6-0-0 1.667 3.958 14.583 22.083 33.167 51.000 63.000 69.083 82.625 90.250 101.833 105.500 118.542 120.000
Operation.Red.Sea.2018__#0-02-17_0-02-37_label_B2-0-0 7.500 16.542
Operation.Red.Sea.2018__#0-16-06_0-16-46_label_G-0-0 26.250 32.250
Operation.Red.Sea.2018__#0-25-36_0-26-03_label_G-0-0 24.375 25.833
Operation.Red.Sea.2018__#0-29-36_0-30-20_label_B2-G-0 9.250 18.750 19.167 22.208
Operation.Red.Sea.2018__#0-56-26_0-57-10_label_G-0-0 13.750 17.917 21.000 22.208 43.250 43.958
Operation.Red.Sea.2018__#01-20-58_01-22-00_label_B5-0-0 52.958 55.667
Operation.Red.Sea.2018__#01-37-22_01-37-36_label_G-B2-0 6.250 8.958 9.708 11.458
v=sbEHU4GskX4__#1_label_B1-0-0 25.333 84.583
v=3y2OOc6WTrg__#1_label_B1-0-0 16.667 32.917 56.042 70.833 111.833 136.375
v=iWfUqxibqG0__#1_label_G-0-0 7.333 26.167
v=7isLhaNYgkU__#1_label_B4-0-0 0.000 237.708
v=OB0-MXNPUIU__#1_label_B4-0-0 0.000 167.500
v=FRj2K0ulD8Q__#00-00-00_00-00-57_label_B4-0-0 0.000 50.083
v=FRj2K0ulD8Q__#00-04-16_00-06-05_label_B4-0-0 0.000 109.042
v=FRj2K0ulD8Q__#00-06-05_00-08-25_label_B4-0-0 0.000 106.125 115.208 138.708
v=ICnreR1hxP0__#1_label_B4-0-0 0.000 165.667
v=MJLylzPRvyw__#1_label_B4-0-0 5.625 144.708
v=OFxPTJxA5pg__#1_label_B4-0-0 0.000 625.000
v=fhiAyxpDQMU__#1_label_B4-0-0 0.000 165.625
v=SE5fxK7SasU__#00-03-23_00-04-08_label_B4-0-0 0.000 45.042
v=_tsSKAsVZfo__#1_label_B4-0-0 6.375 45.417 48.750 103.333
Quantum.Of.Solace.2008__#01-19-30_01-20-05_label_B1-0-0 5.458 12.292
Quantum.Of.Solace.2008__#01-30-26_01-30-42_label_B2-B1-0 1.250 2.292 4.750 6.000
v=k_cvJa1kNaM__#1_label_B4-0-0 37.500 187.708 200.417 234.375
v=pL2HjXvWuPc__#1_label_B1-0-0 45.417 141.333
v=yDqThVpu1AM__#1_label_B4-0-0 0.000 30.958
v=KUeUxbsBO6s__#1_label_B1-0-0 43.417 83.333
v=qqsd-cZr01k__#00-01-00_00-02-45_label_B6-0-0 3.292 4.292 15.875 20.833 31.250 34.375 42.750 44.167 55.833 57.500 70.833 78.333 87.500 93.958 101.250 103.333
v=qqsd-cZr01k__#00-06-10_00-07-19_label_B6-0-0 0.000 2.750 8.917 17.083 27.708 29.375 35.500 37.500 46.667 48.333 53.542 55.417 56.250 57.708 61.167 62.917 66.583 69.042
v=6TR2rcgHm4g__#1_label_B4-0-0 0.000 14.333 20.708 32.917 42.708 49.792 51.917 66.250
v=utQ5AvXtNLA__#1_label_B4-0-0 0.000 37.208
v=QWwDsPSe7iM__#1_label_B4-0-0 0.000 92.250
v=pMtu7fOHdII__#1_label_B1-0-0 27.083 35.417
Gladiator.2000__#01-10-27_01-11-59_label_B1-0-0 31.042 69.292
God.Bless.America.2011__#00-12-40_00-13-12_label_B2-0-0 5.083 13.417
God.Bless.America.2011__#00-38-25_00-39-37_label_B2-B5-0 4.583 6.667 12.500 23.333 33.750 47.917
God.Bless.America.2011__#01-32-00_01-32-50_label_B2-0-0 5.083 7.500
GoldenEye.1995__#00-10-00_00-10-40_label_G-0-0 25.875 38.333
GoldenEye.1995__#00-24-53_00-25-06_label_B1-0-0 3.125 11.250
GoldenEye.1995__#01-17-05_01-19-57_label_B2-B1-0 9.667 10.833 30.333 41.250 50.000 66.292 70.833 73.542 123.292 141.750 151.292 157.042 166.458 171.750
GoldenEye.1995__#02-02-15_02-02-47_label_B1-0-0 4.167 12.917 15.833 28.750
GoldenEye.1995__#02-03-40_02-04-13_label_G-0-0 2.667 32.375
v=ovQ1VTJ_IUI__#1_label_B1-0-0 5.833 15.417 27.500 35.875
v=tivXK3PGByk__#1_label_B1-0-0 43.208 75.000 95.833 114.583
v=m5zK-tzYCQM__#1_label_B4-0-0 5.250 67.917
v=Q6zIX29HkSo__#1_label_B4-0-0 1.792 87.500
Haywire.2011__#00-03-51_00-05-12_label_B1-B2-0 10.875 33.208 33.292 33.750 36.333 61.250
Haywire.2011__#00-16-07_00-16-49_label_B1-0-0 6.375 26.667
Haywire.2011__#00-39-07_00-41-48_label_B1-B2-0 4.625 89.125 102.458 133.750 146.000 147.083
Haywire.2011__#01-20-20_01-21-57_label_B1-0-0 24.083 92.708
v=3wxWNAM8Cso__#1_label_G-0-0 179.917 192.167 203.375 228.958
v=YdrISbwy_zI__#1_label_G-0-0 22.083 56.750
v=8ewWXhYRUNs__#1_label_B1-0-0 3.667 37.917
v=zoIn2hOrUIM__#00-01-00_00-02-45_label_B6-0-0 6.500 10.000 21.708 24.167 54.792 57.083 70.583 73.583 86.125 89.417 102.500 105.042
v=zoIn2hOrUIM__#00-06-10_00-07-19_label_B6-0-0 9.417 11.250 15.375 17.083 32.917 34.375 44.917 46.250 60.917 61.375
v=yy-KIWDcBr4__#00-08-35_00-10-25_label_B6-0-0 0.000 7.792 11.250 15.000 35.500 38.750 48.125 51.250 62.542 64.833 87.500 91.667
v=yy-KIWDcBr4__#00-16-10_00-17-19_label_B6-0-0 0.000 3.750 14.583 17.667 21.417 22.917 35.667 39.833 43.333 45.958 65.667 69.042
v=5Tnl7_8RqlA__#00-11-00_00-12-45_label_B6-0-0 4.583 5.708 16.292 19.375 31.083 41.250 44.167 49.167 59.583 62.083 77.083 78.333 88.667 89.917 99.583 102.917
v=BzwNU2xmT64__#00-01-00_00-02-45_label_B6-0-0 0.000 1.875 10.250 11.875 31.667 41.917 49.167 53.167 68.000 72.417 93.375 98.333
v=BzwNU2xmT64__#00-04-10_00-06-09_label_B6-0-0 1.125 6.667 20.833 23.333 35.125 37.000 44.167 48.333 56.667 62.917 68.208 70.208 76.667 78.333 93.042 96.667
v=X1arMZmYhsk__#00-13-00_00-14-09_label_B6-0-0 13.708 18.750 27.500 31.083 39.292 41.250 50.000 52.083 64.667 67.500
v=uBXprlsmd18__#00-03-00_00-04-09_label_B6-0-0 4.458 7.083 40.583 42.500 66.667 69.042
v=uBXprlsmd18__#00-06-10_00-07-19_label_B6-0-0 14.833 22.042 44.792 48.167 60.000 69.042
v=7rDRFFSUrPI__#00-01-50_00-02-32_label_G-0-0 27.292 29.167 35.000 35.833 38.000 38.750
v=EH_QB6cm6BE__#1_label_G-0-0 6.583 16.667 22.292 27.333
v=q_DhkdHGXos__#1_label_B1-0-0 0.000 59.167
v=Dh-3BlhAOnE__#00-00-00_00-13-36_label_B4-0-0 0.000 7.083 618.583 796.500
v=rAlZRFZTwxM__#00-03-13_00-07-08_label_G-0-0 11.000 12.667 23.583 35.792 99.625 100.917 115.833 132.917
v=Dn_SDu22WpM__#00-08-35_00-10-05_label_B6-0-0 2.292 4.167 10.542 13.042 18.208 20.833 31.458 32.833 41.208 43.333 75.500 78.875
v=9Jk2sIp5MRQ__#1_label_G-0-0 7.292 8.958 11.375 23.625
v=UK2w9Sh47fM__#1_label_G-0-0 8.750 20.833
v=vv-MFJPi4Qs__#1_label_G-0-0 27.042 28.333
v=hAHXCMRvY_I__#1_label_G-0-0 6.875 11.583
v=w16YmhAZ1_Y__#1_label_G-0-0 2.667 13.125
v=78u9uBJBqIw__#1_label_B4-B5-0 55.417 74.333 85.792 98.333
IP.Man.2.2010__#00-07-14_00-09-13_label_B1-0-0 24.125 30.917 42.083 56.250 72.708 77.917 83.125 91.250
IP.Man.2.2010__#01-35-55_01-39-11_label_B1-0-0 26.542 31.167 37.083 47.917 106.833 165.083
Ip.Man.3.2015__#00-17-51_00-18-51_label_B1-0-0 0.000 6.042 12.708 19.583
Ip.Man.3.2015__#00-44-45_00-45-08_label_B1-0-0 8.042 15.208
Ip.Man.3.2015__#00-46-08_00-54-20_label_B1-0-0 201.083 206.833 210.417 213.917 238.000 262.500 273.833 453.333 476.667 480.417 487.500 491.958
Ip.Man.2008__#00-46-51_00-47-30_label_B1-0-0 12.917 21.667
Ip.Man.2008__#00-48-57_00-50-47_label_B1-0-0 0.500 6.167 20.917 30.417 52.500 85.292
Ip.Man.2008__#01-14-31_01-15-24_label_B1-0-0 7.375 19.250
Ip.Man.2008__#01-40-37_01-42-07_label_B4-0-0 4.375 61.750
v=cO1UefhG7AY__#1_label_G-0-0 43.667 50.000 80.833 91.250 174.167 179.167
v=v_LxqgpRouM__#1_label_G-0-0 6.167 37.000
v=CUr-Mg8Hmh0__#1_label_G-0-0 152.833 160.542 183.708 191.667
v=u0Tnw01PNxc__#1_label_B4-0-0 0.000 57.333
Jason.Bourne.2016__#0-17-25_0-18-53_label_B4-0-0 3.542 20.208 26.667 53.333 63.417 81.250
Jason.Bourne.2016__#0-29-48_0-30-29_label_B4-0-0 4.875 12.500 20.833 27.500
Jason.Bourne.2016__#0-50-20_0-50-30_label_G-0-0 0.500 3.208
v=PuZy1PQIgrA__#1_label_B1-0-0 22.000 46.667 85.083 107.917
v=Q7NpJXOTiMY__#1_label_G-0-0 0.417 37.500
v=JfLYNEsrTew__#1_label_G-0-0 2.167 17.917
v=w2NgAYJHnS0__#1_label_G-0-0 2.083 12.500
v=9Ydg5IeZpFI__#1_label_B1-0-0 2.292 27.500 47.125 71.250 92.958 103.125 116.625 137.125 159.583 187.042
Kill.Bill.Vol.1.2003__#01-17-20_01-20-20_label_B1-0-0 76.458 178.042
Kill.Bill.Vol.1.2003__#01-21-39_01-26-55_label_B1-0-0 76.208 285.583
Kill.Bill.Vol.1.2003__#01-26-56_01-28-18_label_B1-0-0 12.375 78.333
Kill.Bill.Vol.2.2004__#0-25-20_0-26-20_label_B2-0-0 40.417 42.083
Kingsman.The.Golden.Circle.2017__#00-35-55_00-36-35_label_B1-0-0 11.958 28.875
Kingsman.The.Golden.Circle.2017__#00-41-22_00-41-32_label_B2-0-0 0.583 1.833
Kingsman.The.Secret.Service.2014__#00-22-10_00-23-10_label_B2-0-0 0.000 9.583
Kingsman.The.Secret.Service.2014__#01-43-40_01-44-50_label_B2-G-0 4.000 4.875 58.083 59.917 64.792 65.833
Law.Abiding.Citizen.2009__#01-26-34_01-27-25_label_B2-0-0 26.083 41.250
v=SMy2_qNO2Y0__#00-01-50_00-03-13_label_G-0-0 10.708 12.917 43.333 54.167
v=qyTGi0N4OVg__#1_label_G-0-0 26.917 46.667
v=CvMpD1yqfxI__#1_label_G-0-0 8.083 14.083 23.333 30.000
v=ZCjNPgNu42g__#1_label_B4-0-0 44.167 123.750
v=gp_D8r-2hwk__#1_label_G-0-0 56.875 66.667
Lord.of.War__#00-50-10_00-50-50_label_G-0-0 4.958 9.583
Lord.of.War__#01-41-04_01-41-53_label_B1-0-0 12.292 13.250 18.042 19.458
v=cuUK-3MNqtw__#1_label_B1-0-0 53.333 60.417
Love.Death.and.Robots.S01E10__#0-01-00_0-02-13_label_B2-G-0 23.333 25.000 35.250 37.708 43.750 53.958
Love.Death.and.Robots.S01E15__#0-05-38_0-06-18_label_G-0-0 14.167 17.917
v=OE9t3XImErk__#1_label_B1-0-0 8.042 12.083
v=3e3C-LQWF2s__#1_label_B1-0-0 5.875 41.667 62.625 69.375 77.500 91.667 132.083 137.500 161.750 165.000 170.208 184.167
v=HUL83wCQATc__#1_label_B1-0-0 6.042 16.750 41.667 58.458
Mindhunters.2004__#01-19-00_01-20-05_label_B2-0-0 0.000 15.625 22.750 25.167
Mission.Impossible.Fallout.2018__#00-31-21_00-32-50_label_B1-0-0 4.000 88.542
Mission.Impossible.Fallout.2018__#00-39-18_00-40-36_label_B1-0-0 13.625 70.000
Mission.Impossible.Fallout.2018__#02-03-50_02-04-35_label_B1-0-0 9.250 40.667
Mission.Impossible.Ghost.Protocol.2011__#00-01-18_00-01-40_label_B2-0-0 2.625 8.333 15.458 17.083
Mission.Impossible.Ghost.Protocol.2011__#01-12-38_01-13-43_label_B1-0-0 7.500 26.250 45.250 46.750 52.500 57.917
Mission.Impossible.Ghost.Protocol.2011__#01-54-24_01-54-50_label_B1-0-0 3.625 14.458
Mission.Impossible.Ghost.Protocol.2011__#01-56-52_01-57-03_label_B1-0-0 2.250 5.000
Mission.Impossible.II.2000__#01-18-55_01-20-53_label_B2-0-0 6.625 13.750
Mission.Impossible.II.2000__#01-25-08_01-25-31_label_B2-0-0 0.375 4.875
Mission.Impossible.II.2000__#01-29-30_01-29-44_label_B1-0-0 5.667 11.667
Mission.Impossible.II.2000__#01-32-56_01-33-25_label_B1-0-0 19.167 25.000
Mission.Impossible.II.2000__#01-38-25_01-38-41_label_B2-B5-0 5.417 6.875 10.833 12.292
Mission.Impossible.II.2000__#01-46-20_01-47-11_label_B2-B6-0 0.417 2.333 3.500 5.625 7.667 17.208 25.333 38.292
Mission.Impossible.III.2006__#00-19-56_00-20-26_label_B2-0-0 0.792 23.333
Mission.Impossible.III.2006__#01-06-52_01-07-15_label_G-0-0 10.792 14.417
Mission.Impossible.III.2006__#01-54-02_01-54-40_label_B2-0-0 8.583 12.500 23.083 30.625
Mission.Impossible.V.Rogue.Nation.2015__#00-14-40_00-17-12_label_B1-0-0 7.083 9.250 16.458 17.500 22.417 23.250 60.208 137.333
Mission.Impossible.V.Rogue.Nation.2015__#00-17-27_00-17-55_label_B2-0-0 19.833 24.125
Mission.Impossible.V.Rogue.Nation.2015__#01-15-52_01-16-48_label_B6-B2-0 3.500 9.000 13.667 16.958 21.917 41.458
Mission.Impossible.V.Rogue.Nation.2015__#01-19-48_01-20-20_label_B6-0-0 8.000 13.833
v=iegHZ_UWWsA__#00-14-05_00-20-33_label_B4-0-0 46.167 227.750 246.708 297.083
v=8oJMGgaww70__#1_label_B4-0-0 0.000 149.083
v=Y43UkfAe_bc__#00-00-00_00-01-40_label_B4-0-0 0.000 100.000
v=aQ3qMpgZjwg__#00-00-00_00-01-48_label_B4-0-0 26.542 63.750 75.000 87.500
v=3xkwZk44VQs__#1_label_B4-0-0 0.000 32.125 33.000 62.042 62.875 82.417
v=yvnj5VIDsNI__#1_label_B4-0-0 0.000 49.875 145.667 154.583 156.875 162.917
v=GbMQ2CxeNHU__#1_label_B4-0-0 0.000 228.708
v=3zgaqeVSXuI__#1_label_B4-0-0 0.000 27.625 27.917 55.000 62.500 66.833 73.417 77.000
v=ADQNFs9bfFk__#00-00-00_00-00-58_label_B4-0-0 0.000 14.583 19.375 57.458
v=fIlmgvc-bUk__#1_label_B4-0-0 5.125 57.083
v=kPWdgckIhLI__#1_label_B4-0-0 0.000 23.250
Rush.Hour.3.2007.BluRay__#00-04-59_00-05-31_label_B2-0-0 23.875 25.958
Rush.Hour.3.2007.BluRay__#00-34-11_00-35-46_label_B1-0-0 17.333 30.750 33.542 43.083 46.583 57.917 60.875 74.500 77.583 85.625 93.000 94.083
Rush.Hour.3.2007.BluRay__#00-40-56_00-41-52_label_B2-0-0 27.708 28.500 47.708 49.792
Rush.Hour.3.2007.BluRay__#01-12-16_01-12-36_label_B1-0-0 0.000 18.750
Rush.Hour.1998.BluRay__#00-08-08_00-09-15_label_B2-B6-G 4.792 7.250 17.125 18.542 19.042 20.583 24.750 25.833 26.667 34.583 41.667 46.958 52.000 60.208
Rush.Hour.1998.BluRay__#00-11-05_00-12-10_label_B2-B1-0 5.833 7.292 11.458 23.958 38.958 56.667
Rush.Hour.1998.BluRay__#01-20-28_01-21-38_label_B2-0-0 5.083 8.333 9.167 12.500 13.167 14.875 31.750 35.333 41.583 43.708 46.042 48.917 55.125 61.458
Rush.Hour.1998.BluRay__#01-25-21_01-25-46_label_B2-0-0 18.208 21.625
v=wnd3IYH7x1o__#1_label_G-0-0 10.833 18.333 31.083 41.667
v=lcBUb7EOQ4o__#1_label_G-0-0 38.042 43.750 47.167 52.917 54.417 93.125
Salt.2010__#00-17-40_00-18-16_label_B1-0-0 22.083 36.000
Salt.2010__#01-06-27_01-07-07_label_G-B2-0 1.042 3.833 4.958 5.708 7.917 11.250 13.292 21.917 28.750 30.417
Salt.2010__#01-12-05_01-12-32_label_B2-G-0 5.125 12.333 14.167 19.000
Saving.Private.Ryan.1998__#00-47-50_00-49-35_label_B2-0-0 20.125 27.917 33.375 36.958 50.458 59.625
Saving.Private.Ryan.1998__#02-23-00_02-23-28_label_B1-0-0 1.583 28.000
Saving.Private.Ryan.1998__#02-23-58_02-24-18_label_G-0-0 9.500 12.958
Saving.Private.Ryan.1998__#02-24-18_02-25-42_label_B1-0-0 3.000 17.833 22.917 34.583 45.208 84.000
Saving.Private.Ryan.1998__#02-25-42_02-26-03_label_B2-0-0 10.292 21.000
v=Qc3pAEeK16A__#1_label_B1-0-0 2.917 9.875 40.833 50.750
v=6KQFxxHmVMc__#1_label_B1-0-0 6.000 24.583 82.958 87.500 92.500 97.500 103.292 110.000
Shoot.Em.Up.2007__#00-32-40_00-35-10_label_B2-0-0 1.792 3.083 4.750 6.625 9.750 15.458 23.333 32.542 37.708 59.417 63.417 70.667 74.583 91.042 98.917 101.417 104.875 112.375 116.458 143.000
Shoot.Em.Up.2007__#00-53-25_00-56-47_label_B2-0-0 4.208 8.333 29.375 31.667 110.417 112.875 119.792 130.000 134.042 144.542 167.542 177.708 198.750 200.833
Shoot.Em.Up.2007__#00-56-56_00-57-15_label_B2-0-0 0.000 15.833
Sin.City.2005__#0-06-42_0-07-06_label_B1-0-0 14.167 15.833
Sin.City.2005__#0-10-40_0-11-40_label_B2-0-0 2.083 4.417 14.792 16.333 19.417 20.000 23.125 24.167 27.083 31.250
Sin.City.2005__#0-22-04_0-22-18_label_B5-0-0 0.000 14.000
Sin.City.2005__#0-29-34_0-29-56_label_B2-0-0 14.792 17.708 19.583 21.250
Sin.City.2005__#0-32-00_0-32-16_label_B2-0-0 5.208 6.625 11.667 13.333
Sin.City.2005__#0-43-45_0-44-01_label_B2-0-0 2.167 6.167
Sin.City.2005__#01-19-08_01-19-23_label_G-0-0 3.125 6.250
Sin.City.2005__#01-51-59_01-52-29_label_B2-0-0 1.458 3.333 23.125 25.417
Skyfall.2012__#00-03-22_00-03-40_label_B6-0-0 7.500 18.000
Skyfall.2012__#00-06-10_00-06-25_label_B6-0-0 6.875 10.625
Skyfall.2012__#01-20-05_01-20-20_label_B1-B2-0 1.875 10.833
Skyfall.2012__#01-55-44_01-56-57_label_B2-G-0 2.250 12.417 15.417 19.458 22.833 24.833 28.625 30.833 39.333 44.833 48.042 49.250 51.458 60.375
Skyfall.2012__#01-57-40_01-58-00_label_B2-0-0 0.000 7.000
Skyfall.2012__#02-08-44_02-09-17_label_B1-0-0 3.250 27.292
v=-kwNh1lMU-w__#1_label_B4-0-0 0.000 34.875 56.667 170.000
v=_BgJEXQkjNQ__#1_label_G-0-0 71.667 214.375 220.917 330.750
v=xe4ee56aHSg__#1_label_G-0-0 11.250 22.125
v=2al4t5inObA__#1_label_B4-0-0 0.000 138.417
Spectre.2015__#00-44-05_00-44-40_label_B1-B2-0 1.583 9.042 10.583 13.708 22.458 34.042
Spectre.2015__#01-08-58_01-09-20_label_B1-B2-0 2.083 4.167 12.292 13.333 13.750 14.792
Spectre.2015__#01-10-35_01-10-53_label_B2-0-0 7.083 9.875 11.250 14.042
Spectre.2015__#01-32-55_01-35-40_label_B1-B2-0 3.833 5.500 5.583 6.417 7.375 119.583 123.333 124.167 130.250 155.958
Spectre.2015__#02-02-57_02-03-27_label_B1-B2-0 16.000 17.917
Spectre.2015__#02-15-30_02-16-05_label_G-0-0 17.917 23.792
v=rXWOpZ7W2fA__#1_label_B1-0-0 62.500 65.417 69.375 75.000 81.542 89.042
Taken.2.UNRATED.EXTENDED.2012__#00-13-42_00-14-16_label_B5-0-0 1.667 17.667
Taken.2.UNRATED.EXTENDED.2012__#00-45-50_00-46-20_label_G-0-0 15.583 17.417
Taken.2.UNRATED.EXTENDED.2012__#01-00-00_01-00-16_label_B2-0-0 13.625 15.333
Taken.2.UNRATED.EXTENDED.2012__#01-06-28_01-06-49_label_B2-0-0 2.042 9.500
Taken.2.UNRATED.EXTENDED.2012__#01-18-25_01-18-40_label_B2-0-0 2.042 10.833
Taken.2.UNRATED.EXTENDED.2012__#01-18-40_01-19-00_label_B1-0-0 0.750 2.833
Taken.3.2014__#00-03-58_00-04-16_label_B2-0-0 1.833 2.917
Taken.3.2014__#01-04-50_01-05-05_label_B1-0-0 4.542 6.125
Taken.3.2014__#01-12-48_01-14-30_label_B2-B1-0 1.958 24.375 28.542 63.167 85.833 86.667
Taken.3.2014__#01-19-13_01-19-30_label_B1-0-0 1.625 8.500
Taken.Extended.Cut.2008__#00-33-51_00-34-03_label_B1-0-0 5.792 7.708 8.583 11.708
Taken.Extended.Cut.2008__#00-50-45_00-51-04_label_B2-B6-0 4.292 7.917 17.917 18.958
v=rKpXqwE2rg8__#00-01-57_00-03-06_label_B4-0-0 0.000 69.042
v=96N4XAJ7FKM__#1_label_B1-0-0 38.417 80.667 117.958 136.708
v=nLAapCIlr-o__#00-07-22_00-08-19_label_B6-0-0 3.542 5.833 16.625 27.083 38.375 44.833
v=nLAapCIlr-o__#00-08-35_00-10-25_label_B6-0-0 4.375 8.333 27.583 35.000 53.958 57.750 77.167 79.708 87.750 91.542 107.917 109.583
v=nLAapCIlr-o__#00-11-00_00-12-45_label_B6-0-0 1.458 3.125 13.292 15.083 35.583 38.208 63.458 66.500 72.792 75.000 83.875 87.417 100.708 105.042
v=nLAapCIlr-o__#00-16-10_00-18-09_label_B6-0-0 0.625 5.000 28.833 32.083 55.708 61.917 78.083 83.333 93.333 100.000 116.375 117.917
v=osjdmjNJUdg__#1_label_B1-0-0 7.958 35.667 57.500 82.708
The.Bourne.Identity.2002__#0-19-53_0-21-48_label_B1-0-0 80.458 88.125 110.042 114.583
The.Bourne.Identity.2002__#0-54-45_0-56-25_label_B6-0-0 21.000 24.583 26.375 31.042 36.333 39.375 85.500 87.750
The.Bourne.Identity.2002__#01-27-39_01-29-19_label_B2-0-0 22.083 23.333 60.625 63.083 74.750 76.250
The.Bourne.Identity.2002__#01-45-00_01-45-46_label_B1-0-0 10.000 12.333 21.875 23.292 43.542 45.250
The.Bourne.Legacy.2012__#0-39-56_0-40-15_label_G-0-0 1.000 4.958
The.Bourne.Legacy.2012__#0-59-18_01-01-52_label_B2-B1-0 1.917 36.625 39.417 42.417 46.292 48.333 50.500 56.417 59.417 69.167 137.500 138.750 139.167 150.417
The.Bourne.Ultimatum.2007__#01-26-27_01-28-03_label_B2-B6-0 19.792 23.708 30.833 37.500 40.958 52.083 63.792 66.250 73.083 84.958
The.Bourne.Ultimatum.2007__#01-44-02_01-44-11_label_B2-0-0 2.500 3.333
The.Fast.and.the.Furious.2001__#00-52-18_00-53-36_label_B1-0-0 22.583 43.042 72.250 75.000
The.Fast.and.the.Furious.2001__#01-14-04_01-15-20_label_B1-0-0 29.792 40.792 42.917 44.667 50.875 52.083 55.542 60.833
v=0W8LohxH9nI__#1_label_B1-0-0 38.875 52.083
The.Hurt.Locker.2008__#0-08-45_0-09-57_label_G-0-0 35.750 65.000
The.Hurt.Locker.2008__#0-19-22_0-22-32_label_B2-B1-0 87.250 88.542 93.500 94.583 105.500 107.292 149.167 156.250
The.Hurt.Locker.2008__#01-02-10_01-03-55_label_B2-0-0 18.667 21.667 31.458 34.583 51.042 57.250 82.000 82.917
The.Hurt.Locker.2008__#01-27-42_01-28-09_label_G-0-0 11.250 17.208
v=7QOdBpDrmKk__#00-01-00_00-02-45_label_B6-0-0 1.333 2.458 10.000 11.708 32.125 33.208 45.833 47.083 78.917 82.833 92.917 94.583
v=7QOdBpDrmKk__#00-10-30_00-10-51_label_B6-0-0 13.833 17.167
v=k7R_Qo-BiAw__#00-10-30_00-10-51_label_B6-0-0 0.000 6.250 12.333 21.042
The.World.Is.Not.Enough.1999__#00-07-04_00-07-45_label_G-B2-0 11.250 20.000 35.292 39.333
The.World.Is.Not.Enough.1999__#00-10-22_00-10-40_label_G-0-0 0.250 2.708
v=DRGMajXo_PI__#00-02-15_00-03-02_label_G-0-0 0.000 46.292
v=ONsmJAyFAAw__#1_label_G-0-0 0.000 63.458
v=Rc9EOFjtj0c__#1_label_B6-0-0 23.500 26.042 37.250 41.167 54.458 57.875 67.292 75.833 77.167 82.500 94.292 97.000 112.542 114.083 120.875 124.167 129.542 136.250 137.542 139.250
v=FfrXebzAwOg__#00-06-10_00-07-19_label_B6-0-0 6.875 8.417 14.208 17.083 24.958 29.167 32.500 35.500 41.500 42.583 46.542 49.208 60.083 63.167
v=DtxU8UYiFws__#1_label_G-0-0 11.333 17.292
Tropa.de.Elite.2.2010__#00-13-41_00-14-56_label_B4-0-0 0.000 22.292 69.875 72.292
Tropa.de.Elite.2.2010__#01-33-01_01-33-30_label_B2-0-0 5.750 7.333 8.792 10.833
Tropa.de.Elite.2.2010__#00-42-00_00-43-00_label_B2-0-0 32.375 37.500
Tropa.de.Elite.2.2010__#00-46-11_00-46-50_label_B2-0-0 4.542 11.042
v=Lt9M_tSij_4__#00-00-00_00-04-24_label_B6-0-0 7.083 15.042 20.917 27.375 37.917 43.500 48.875 70.833 78.458 83.333 87.625 89.917 107.208 110.083 124.250 134.042 139.583 144.208 152.208 157.083 170.500 175.833 186.792 189.500 202.458 207.583 216.125 220.458 229.792 238.500 262.042 263.958
v=BXR3d22BhHs__#00-06-00_00-07-00_label_B4-0-0 0.042 59.375
v=BXR3d22BhHs__#00-07-00_00-08-00_label_B4-0-0 0.042 59.625
v=tP19WuyY3IY__#00-00-00_00-00-51_label_B6-0-0 4.333 7.875 21.833 26.458 37.000 40.250
v=tP19WuyY3IY__#00-06-10_00-07-51_label_B6-0-0 51.792 52.917 67.958 73.583
v=YANmwpkuWRo__#1_label_G-0-0 40.333 44.667
v=Q-u3Y9TkZhQ__#1_label_B4-0-0 0.208 42.958
v=IWzI9V3WSnc__#1_label_B4-0-0 0.167 111.958
v=X6Tbn8_X-Os__#1_label_B1-0-0 8.333 38.083 74.583 143.750
v=1GFBuaGCeTo__#1_label_G-0-0 33.417 51.250
v=GN-7_ye5k4E__#1_label_G-0-0 23.833 54.167
v=eqtJjxsTgtg__#1_label_G-0-0 14.292 20.000
v=k98yVPXiYoU__#1_label_G-0-0 2.667 10.500
v=bDm2-1NZBLw__#1_label_B4-0-0 0.042 92.042
v=2Rr21qkZEDQ__#00-03-00_00-04-09_label_B6-0-0 22.833 26.958 54.167 58.750
v=2Rr21qkZEDQ__#00-14-10_00-16-09_label_B6-0-0 20.083 24.000 38.417 43.000 57.875 60.167 84.792 90.000 103.000 111.250
v=CcD-YNlkMPY__#1_label_G-0-0 54.167 56.500
v=V7FtjJStY1M__#1_label_G-0-0 1.833 14.958
v=v-Plzx73K68__#1_label_B4-0-0 13.167 38.375
v=AF9p0YA0hyA__#00-00-45_00-01-44_label_B4-0-0 0.125 59.042
v=AF9p0YA0hyA__#00-03-03_00-04-20_label_B4-0-0 0.042 76.708
v=_5Kmb4tqMxs__#1_label_B4-0-0 0.958 52.083
v=TsuuRo6PEXM__#1_label_B1-0-0 12.792 50.750 96.083 133.333
wangted.2008__#0-22-55_0-23-40_label_B2-0-0 16.458 23.333 26.333 29.042
wangted.2008__#0-45-25_0-47-01_label_B1-0-0 1.167 51.875
wangted.2008__#0-48-30_0-49-00_label_B2-0-0 14.417 21.292
v=YhCSFZNwfHc__#00-01-15_00-01-42_label_G-B2-0 0.000 2.708 11.875 20.833
v=_YobflFU_HU__#00-06-10_00-07-51_label_B6-0-0 0.000 2.708 12.500 18.292 26.250 29.667 47.083 51.667 62.500 67.500 80.625 85.750 95.417 99.917
v=g2v3EkBj9Zc__#1_label_B4-0-0 0.000 22.083
v=uprb6aBzymw__#00-03-03_00-05-13_label_B4-0-0 0.000 5.208 22.083 32.917 85.208 120.292
Yellow.Sea.2010__#01-04-00_01-04-50_label_B1-0-0 0.000 14.833
Yellow.Sea.2010__#01-05-40_01-06-47_label_B1-B2-0 5.833 16.958 30.625 49.167
Yellow.Sea.2010__#01-58-30_01-59-27_label_B5-0-0 0.000 32.792
v=WiS3TIvykeY__#1_label_B4-0-0 0.000 65.000
v=UzxuX79xq4s__#1_label_B4-0-0 11.250 35.000 54.667 124.542 142.917 194.167
v=lpkL0Y1MhA8__#1_label_B4-0-0 0.000 10.333 16.542 24.375 48.542 80.833 99.708 105.125
v=1io9Uh54Vhg__#1_label_B4-0-0 0.000 82.333
v=m5Ya6z6qroo__#1_label_B4-0-0 5.750 229.375
Young.And.Dangerous.I.1996__#0-20-50_0-22-15_label_B1-0-0 17.708 44.958
Young.And.Dangerous.I.1996__#0-46-25_0-46-55_label_B6-0-0 14.583 23.750
Young.And.Dangerous.I.1996__#0-46-57_0-48-57_label_B1-0-0 0.000 102.250
Young.And.Dangerous.III.1996__#00-23-00_00-25-54_label_B4-0-0 104.042 127.125
Young.And.Dangerous.IV.1997__#01-07-50_01-09-45_label_B1-0-0 15.333 113.917
Young.And.Dangerous.IV.1997__#01-32-04_01-32-58_label_B1-0-0 27.083 45.833
Taken.3.2014__#01-09-26_01-09-54_label_G-0-0 0.917 10.750
Bullet.in.the.Head.1990__#00-23-31_00-24-40_label_G-0-0 55.208 58.333
v=DVdXoVUNkhg__#1_label_G-0-0 41.250 47.708
v=CczYDDDf22A__#1_label_G-0-0 7.917 10.000
v=9CWJd1SezkA__#1_label_G-0-0 19.333 25.583
v=8oTjTufJnXI__#1_label_G-0-0 40.708 67.083
Mission.Impossible.III.2006__#00-56-23_00-56-40_label_G-0-0 10.833 15.125
v=ntaXjnpusxM__#1_label_G-0-0 13.000 20.833
Saving.Private.Ryan.1998__#02-20-00_02-20-13_label_G-0-0 4.792 8.958
Saving.Private.Ryan.1998__#02-16-58_02-17-13_label_G-0-0 6.125 12.500
Love.Death.and.Robots.S01E13__#0-11-48_0-12-07_label_G-0-0 2.500 10.000
v=35zynOrkvMk__#1_label_G-0-0 4.750 6.833
v=1q5V6DKH3bw__#1_label_B4-0-0 0.000 17.708 28.333 63.125 84.583 98.042 104.167 122.917
v=3WmMhircZOc__#1_label_B4-0-0 24.167 172.917
v=-etV57xZ4_I__#1_label_B4-0-0 0.000 10.833
v=tv0rI-5ycBU__#1_label_B4-0-0 0.000 5.417 8.583 122.708
v=2WkuPNLfl5s__#1_label_B4-0-0 9.375 42.000
v=CFfc4UWzVB8__#00-00-00_00-00-30_label_B4-0-0 21.167 24.208 25.208 30.042
v=fQQzg2VfJME__#1_label_B4-0-0 4.875 54.167
v=0N0PbzjEg0U__#1_label_B4-0-0 0.000 22.917
v=p7kvQ4OpDgU__#1_label_B4-0-0 11.250 57.083
v=GI49YSCruwY__#1_label_B4-0-0 0.000 58.750 74.792 81.875 96.667 124.167
City.of.God.2002__#01-24-10_01-25-10_label_B2-0-0 14.167 45.417
